Vernier Format 2
Sin título.cmbl 9/09/2025 17:40:14 .
Último
Tiempo	Posición	Velocidad 1	Aceleración 1	Angulo	Velocidad 2	Aceleración 2
t	x	v 1	a 1	Angulo	v 2	a 2
s	m	m/s	m/s²	rad	rad/s	rad/s²

0.033333	0.5366235	0.000857508575086	-0.0202945725561	0	-0.407247564608	1.85929765282
0.066666	0.5366235	0.000857508575087	-0.0425900184628	-0.0174532925199	-0.312707951395	0.686025079203
0.099999	0.536795	-0.00120051200512	-0.0644567057943	-0.0174532925199	-0.314162406983	-0.861773553557
0.133332	0.5366235	-0.00514505145051	-0.0466155850848	-0.0349065850399	-0.421792120487	-1.2253910867
0.166665	0.5362805	-0.00485921525882	-0.0180793199179	-0.0523598775598	-0.37815845285	-1.92353675034
0.199998	0.5362805	-0.00428754287543	-0.0434237156922	-0.0523598775598	-0.523604011638	-3.14407960327
0.233331	0.536109	-0.00671715050484	-0.0956369821745	-0.0872664625997	-0.669049570427	-2.47259922539
0.266664	0.5359375	-0.0120051200512	-0.114692918847	-0.10471975512	-0.639960458669	-3.06650786287
0.299997	0.5352515	-0.0160068267349	-0.0930167908821	-0.12217304764	-0.814495129215	-4.93307786635
0.33333	0.534737	-0.0170072534059	-0.10004366753	-0.157079632679	-1.0326634674	-4.99368078855
0.366663	0.5342225	-0.0207231238979	-0.152209294171	-0.191986217719	-1.22174269382	-3.01802552512
0.399996	0.5335365	-0.0288694553612	-0.159712569235	-0.244346095279	-1.25083180558	-0.460582208652
0.433329	0.5321645	-0.03372867062	-0.106594145761	-0.279252680319	-1.16356447031	-0.0969646755034
0.466662	0.5311355	-0.034729097291	-0.0796776352114	-0.314159265359	-1.25083180558	-0.036361753313
0.499995	0.529935	-0.0374445411121	-0.0884910059224	-0.366519142919	-1.2362872497	1.59991714584
0.533328	0.5287345	-0.0420179201792	-0.0641946866651	-0.401425727959	-1.10538624679	2.32715221213
0.566661	0.5270195	-0.0434471011377	-0.00333478891767	-0.436332312999	-1.04720802328	2.14534344556
0.599994	0.5256475	-0.040302903029	0.00488308377229	-0.471238898038	-0.989029799762	2.24230812107
0.633327	0.524447	-0.0400170668373	-0.0653856827071	-0.506145483078	-0.858128796852	1.18781727495
0.66666	0.5232465	-0.0464483811505	-0.0932549900905	-0.523598775598	-0.858128796852	-1.09085259944
0.699993	0.5211885	-0.0491638249716	-0.047639841681	-0.558505360638	-0.989029799761	-1.83020825017
0.733326	0.5198165	-0.0480204802048	-0.0414466622624	-0.593411945678	-1.0326634674	-1.06661143057
0.766659	0.5181015	-0.0498784154508	-0.088252806714	-0.628318530718	-1.04720802328	-0.4120998709
0.799992	0.516558	-0.0537372040387	-0.137798242062	-0.663225115758	-1.04720802328	-0.0848440910665
0.833325	0.5146715	-0.0614547812145	-0.123268090349	-0.698131700798	-1.04720802328	-0.0242411688736
0.866658	0.5122705	-0.0640273069397	-0.0597880013096	-0.733038285838	-1.04720802328	-0.0848440910657
0.899991	0.5102125	-0.0623122897896	-0.0789630375862	-0.767944870877	-1.04720802328	-0.412099870901
0.933324	0.508326	-0.0660281602816	-0.178649406304	-0.802851455917	-1.06175257916	-1.06661143057
0.966657	0.5060965	-0.0770328536619	-0.207828809333	-0.837758040957	-1.10538624679	-1.84232883461
0.99999	0.5030095	-0.0837500041667	-0.139108337708	-0.872664625997	-1.2362872497	-1.18781727494
1.033323	0.5002655	-0.0841787584543	-0.124578185996	-0.925024503557	-1.2362872497	0.69087331298
1.066656	0.4975215	-0.0883233832338	-0.198300840997	-0.959931088597	-1.11993080267	0.763596819606
1.099989	0.494606	-0.0980418137515	-0.238437407613	-0.994837673637	-1.11993080267	-0.76359681961
1.133322	0.491176	-0.111333196665	-0.0874191094845	-1.02974425868	-1.2362872497	-0.678752728541
1.166655	0.4865455	-0.107474408077	0.156258680714	-1.08210413624	-1.2362872497	1.27266136601
1.199988	0.48363	-0.092896762301	0.192703159599	-1.11701072128	-1.10538624679	2.25442870551
1.233321	0.480886	-0.0904671546715	0.100758265155	-1.15191730632	-1.04720802328	2.12110227669
1.266654	0.4776275	-0.0894667280006	0.0590734036844	-1.18682389136	-0.989029799761	2.15746403
1.299987	0.474712	-0.0854650213169	-0.0153638489421	-1.2217304764	-0.858128796852	0.763596819605
1.33332	0.4721395	-0.0873229565629	-0.160546266465	-1.23918376892	-0.872673352731	-2.25442870551
1.366653	0.469224	-0.0983276499432	-0.248441774366	-1.27409035396	-1.04720802328	-4.15736046231
1.399986	0.465451	-0.10704565379	-0.247369877928	-1.308996939	-1.2362872497	-3.66041650034
1.433319	0.462021	-0.11462031287	-0.228552140464	-1.36135681656	-1.3090100291	-2.30291104326
1.466652	0.457905	-0.122623726237	-0.200444633873	-1.3962634016	-1.35264369673	-1.69688182135
1.499985	0.453789	-0.12976963103	-0.146135214356	-1.44862327916	-1.45445558788	-0.509064546405
1.533318	0.4488155	-0.127054187209	-0.217356777669	-1.50098315672	-1.36718825261	0.0242411688788
1.566651	0.4460715	-0.14248934156	-0.315971249949	-1.53588974176	-1.38173280849	-1.10297318388
1.599984	0.439383	-0.158924922583	-0.133867955124	-1.58824961931	-1.49808925552	-0.763596819609
1.633317	0.434581	-0.152064853982	0.0740799538139	-1.64060949687	-1.49808925552	1.16357610607
1.66665	0.429436	-0.148063147298	0.127912974913	-1.69296937443	-1.36718825261	1.76960532798
1.699983	0.424634	-0.141203078697	0.0931358904863	-1.72787595947	-1.32355458497	0.727235066294
1.733316	0.420175	-0.139773897739	-0.0097661675446	-1.78023583703	-1.32355458497	-0.327255779834
1.766649	0.4155445	-0.14420435871	-0.0527611246617	-1.81514242207	-1.35264369673	-1.10297318388
1.799982	0.4103995	-0.145347703477	-0.0438286543465	-1.86750229963	-1.45445558788	-0.412099870899
1.833315	0.405769	-0.144918949189	-0.0808686312534	-1.91986217719	-1.36718825261	-0.0484823377504
1.866648	0.400967	-0.15006400064	-0.125530982829	-1.95476876223	-1.38173280849	-1.52719363921
1.899981	0.395822	-0.156495314953	-0.0827742249207	-2.00712863979	-1.5126338114	-1.91505234124
1.933314	0.390334	-0.157495741624	0.0163166457757	-2.05948851735	-1.55626747904	-1.078732015
1.966647	0.385189	-0.15420862542	0.0889674043392	-2.11184839491	-1.57081203492	-0.412099870899
1.99998	0.380044	-0.149921082544	0.116836711723	-2.16420827247	-1.57081203492	-0.0727235066312
2.033313	0.375242	-0.146348130148	0.137798242062	-2.21656815003	-1.57081203492	0.0727235066279
2.066646	0.3702685	-0.141917669177	0.183532490076	-2.26892802759	-1.57081203492	0.412099870901
2.099979	0.365638	-0.133771337713	0.216999478857	-2.32128790515	-1.55626747904	1.06661143056
2.133312	0.3613505	-0.125482088154	0.198300840997	-2.37364778271	-1.5126338114	1.83020825017
2.166645	0.357406	-0.1204799548	0.173766322531	-2.42600766027	-1.38173280849	1.10297318388
2.199978	0.35329	-0.115049067157	0.176982011845	-2.46091424531	-1.38173280849	-1.10297318388
2.233311	0.3496885	-0.108617752844	0.184247087701	-2.51327412287	-1.5126338114	-1.83020825017
2.266644	0.346087	-0.102758110914	0.195918848913	-2.56563400043	-1.55626747904	-1.06661143056
2.299977	0.3428285	-0.0963267966013	0.224621853526	-2.61799387799	-1.57081203492	-0.412099870901
2.33331	0.33957	-0.0874658746587	0.241057598906	-2.67035375555	-1.57081203492	-0.0969646755045
2.366643	0.3369975	-0.078747870812	0.218666873316	-2.72271363311	-1.57081203492	-0.121205844381
2.399976	0.334425	-0.0727453107864	0.197109844955	-2.77507351067	-1.57081203492	-0.593908637474
2.433309	0.3321955	-0.0676002593359	0.231172331757	-2.82743338823	-1.58535659079	-2.01201701675
2.466642	0.3297945	-0.0590251735851	0.313827457073	-2.87979326579	-1.65807937019	-4.65430442427
2.499975	0.3280795	-0.0454479544795	0.378260342947	-2.93215314335	-1.89079226425	-7.26023007849
2.533308	0.326879	-0.0334428344283	0.447576312593	-3.00196631343	-2.23986160534	-7.12690364967
2.566641	0.32585	-0.0194368610353	0.611814666788	-3.08923277603	-2.39985172001	-5.52698650383
2.599974	0.325164	0.00643131431314	0.778435013067	-3.15904594611	-2.60347550231	-3.35740188938
2.633307	0.3260215	0.0390166401664	0.750565705684	-3.26376570123	-2.71983194934	1.41810837927
2.66664	0.3280795	0.062883962173	0.530588736722	-3.35103216383	-2.53075272292	6.48451267445
2.699973	0.330652	0.0736028193615	0.310849966968	-3.43829862643	-2.16713882595	8.24199741799
2.733306	0.333053	0.0800341336747	0.186986378598	-3.49065850399	-1.89079226425	7.10266248079
2.766639	0.3359685	0.0851791851252	0.116836711723	-3.56047167407	-1.73080214958	6.14513631018
2.799972	0.338884	0.0866083660837	0.114454719639	-3.61283155163	-1.43991103201	3.87858702023
2.833305	0.3417995	0.0880375470421	0.252967559326	-3.64773813667	-1.39627736437	-0.266652857642
2.866638	0.344372	0.100614339477	0.46365475916	-3.70009801423	-1.52717836728	-2.54532273202
2.899971	0.348145	0.123481234812	0.546667183289	-3.75245789179	-1.61444570255	-3.236196045
2.933304	0.3527755	0.142632259656	0.466274950452	-3.80481776935	-1.77443581722	-2.65440799197
2.966637	0.3579205	0.154494461611	0.364087490047	-3.87463093943	-1.81806948486	-1.2362996127
2.99997	0.3630655	0.165070400704	0.30013100259	-3.92699081699	-1.83261404073	-0.448461624214
3.033303	0.3688965	0.175074667413	0.234626220279	-3.99680398707	-1.83261404073	-0.169688182137
3.066636	0.374899	0.180791391247	0.187939175431	-4.04916386463	-1.83261404073	-0.436341039777
3.099969	0.381073	0.183935589356	0.248322674762	-4.11897703471	-1.84715859661	-1.15145552163
3.133302	0.386904	0.194368610353	0.388502908908	-4.17133691227	-1.89079226425	-2.25442870551
3.166635	0.393764	0.21237629043	0.458652575783	-4.24115008235	-2.03623782304	-2.25442870551
3.199968	0.4011385	0.228954789548	0.409226240039	-4.31096325243	-2.07987149067	-1.15145552163
3.233301	0.409199	0.240816991503	0.301679297445	-4.38077642251	-2.09441604655	-0.424220455339
3.266634	0.4172595	0.249249159158	0.161022664882	-4.45058959259	-2.09441604655	-0.0727235066298
3.299967	0.4258345	0.254394210609	-0.0643137862693	-4.52040276267	-2.09441604655	0.0727235066299
3.3333	0.434581	0.247677060104	-0.351343832397	-4.59021593275	-2.09441604655	0.424220455337
3.366633	0.442813	0.227239772398	-0.5271348482	-4.66002910282	-2.07987149067	1.16357610607
3.399966	0.449673	0.206659566596	-0.528921342263	-4.7298422729	-2.03623782304	2.32715221214
3.433299	0.4563615	0.19136733034	-0.47782761206	-4.79965544298	-1.89079226425	2.58168448534
3.466632	0.4625355	0.174931749317	-0.396720781598	-4.85201532054	-1.83261404073	1.79384649685
3.499965	0.4680235	0.160782857829	-0.198181741393	-4.92182849062	-1.7889803731	1.10297318388
3.533298	0.4728255	0.159210758774	0.067648575187	-4.97418836818	-1.70171303782	-1.06661143056
3.566631	0.4783135	0.168786271196	0.22926673809	-5.02654824574	-1.84715859661	-3.34528130495
3.599964	0.4841445	0.178075947426	0.249990069221	-5.09636141582	-2.02169326716	-2.9816637718
3.633297	0.4899755	0.191081494148	0.0765810455021	-5.1661745859	-2.07987149067	-1.47871130146
3.66663	0.49735	0.189366476998	-0.279407671459	-5.23598775598	-2.09441604655	-0.399979286462
3.699963	0.503181	0.169643779771	-0.560363637772	-5.30580092606	-2.09441604655	0.399979286461
3.733296	0.508669	0.146919802531	-0.678153146328	-5.37561409614	-2.07987149067	1.47871130146
3.766629	0.513128	0.119908282416	-0.635753687232	-5.44542726622	-2.02169326716	2.9816637718
3.799962	0.5163865	0.10118601186	-0.481162400978	-5.5152404363	-1.84715859661	3.34528130495
3.833295	0.519645	0.0894667280006	-0.357775211024	-5.56760031386	-1.70171303782	1.06661143056
3.866628	0.522389	0.0786049527162	-0.270117902331	-5.61996019142	-1.7889803731	-1.11509376832
3.899961	0.52479	0.0711732117321	-0.191273964349	-5.6897733615	-1.83261404073	-1.86657000349
3.933294	0.5270195	0.0670285869525	-0.159593469631	-5.74213323906	-1.89079226425	-2.89681968073
3.966627	0.529249	0.062883962173	-0.201992928727	-5.81194640914	-2.05078237892	-2.8846990963
3.99996	0.531307	0.0555951392847	-0.302274795466	-5.88175957922	-2.12350515831	-1.41810837927
4.033293	0.5331935	0.0415891658917	-0.37099526709	-5.9515727493	-2.21077249358	1.87869058792
4.066626	0.534051	0.0278690286903	-0.355512318544	-6.0388392119	-2.02169326716	5.52698650383
4.099959	0.5349085	0.0175789257893	-0.318353242033	-6.09119908946	-1.70171303782	5.22397189287
4.133292	0.5352515	0.00728882288823	-0.286077249294	-6.14355896702	-1.59990114667	2.64228740753
4.166625	0.535423	-0.00271544382111	-0.225098251943	-6.19591884458	-1.57081203492	0.921164417303
4.199958	0.5349085	-0.00828924955916	-0.159117071214	-6.24827872214	-1.57081203492	0.181808766572
4.233291	0.534737	-0.0105759390927	-0.167096744696	-6.3006385997	-1.57081203492	0.0242411688777
4.266624	0.534394	-0.0175789257893	-0.221406164212	-6.35299847726	-1.57081203492	1.2627062804E-12
4.299957	0.533708	-0.0280119467861	-0.208543406958	-6.40535835482	-1.57081203492	-1.2627062804E-12
4.33329	0.532336	-0.03372867062	-0.137321843645	-6.45771823238	-1.57081203492	-1.2627062804E-12
4.366623	0.531307	-0.0351578515785	-0.117194010535	-6.51007810994	-1.57081203492	1.2627062804E-12
4.399956	0.5301065	-0.0394453944539	-0.155424983484	-6.5624379875	-1.57081203492	1.2627062804E-12
4.433289	0.5287345	-0.0454479544795	-0.197586243372	-6.61479786506	-1.57081203492	-1.2627062804E-12
4.466622	0.527191	-0.0544517945179	-0.192107661578	-6.66715774262	-1.57081203492	-1.2627062804E-12
4.499955	0.5249615	-0.0597397640643	-0.151137397733	-6.71951762018	-1.57081203492	-0.012120584437
4.533288	0.523075	-0.0620264535979	-0.176386513824	-6.77187749774	-1.57081203492	-0.0969646755045
4.566621	0.521017	-0.0693152764861	-0.258327041515	-6.8242373753	-1.57081203492	-0.496943961968
4.599954	0.518616	-0.0810345603456	-0.297153512485	-6.87659725286	-1.58535659079	-1.47871130146
4.633287	0.515529	-0.0911817451508	-0.279407671459	-6.92895713042	-1.64353481431	-2.89681968073
4.66662	0.512442	-0.0990422404224	-0.264520220934	-6.98131700798	-1.81806948486	-2.93318143405
4.699953	0.509012	-0.108474834748	-0.246417081095	-7.05113017806	-1.94897048777	-1.96881518515E-13
4.733286	0.505239	-0.117764510978	-0.165667549446	-7.12094334814	-1.81806948486	2.93318143405
4.766619	0.5009515	-0.120908709087	-0.0532375230785	-7.1733032257	-1.64353481431	2.89681968073
4.799952	0.497007	-0.119050773841	-0.00952796833619	-7.22566310326	-1.58535659079	1.47871130146
4.833285	0.4930625	-0.11805034717	-0.0768192447105	-7.27802298082	-1.57081203492	0.509064546404
4.866618	0.4892895	-0.122623726237	-0.19329865762	-7.33038285838	-1.57081203492	0.181808766574
4.899951	0.485002	-0.131055893892	-0.287506444545	-7.38274273594	-1.57081203492	0.424220455339
4.933284	0.480886	-0.147348556819	-0.218071375295	-7.4351026135	-1.55626747904	1.06661143056
4.966617	0.474712	-0.150921509215	0.00178649406303	-7.48746249106	-1.5126338114	1.83020825017
4.99995	0.4704245	-0.142918095848	0.120290600244	-7.53982236862	-1.38173280849	1.11509376832
5.033283	0.465451	-0.140059733931	0.161856362111	-7.57472895366	-1.38173280849	-1.01812909281
5.066616	0.460992	-0.133342583426	0.209972602209	-7.62708883122	-1.5126338114	-1.40598779483
5.099949	0.456533	-0.126482514825	0.241414897718	-7.67944870878	-1.54172292316	0.0969646755045
5.133282	0.4522455	-0.112619459528	0.140537532959	-7.73180858633	-1.5126338114	1.91505234124
5.166615	0.4495015	-0.112047787145	-0.0973043766334	-7.78416846389	-1.36718825261	2.49684039427
5.199948	0.445214	-0.123767071004	-0.224860052734	-7.81907504893	-1.3090100291	1.79384649685
5.233281	0.4409265	-0.130055467221	-0.260113535578	-7.87143492649	-1.26537636146	1.18781727494
5.266614	0.436639	-0.13905930726	-0.305966883196	-7.90634151153	-1.17810902619	-0.654511559662
5.299947	0.4320085	-0.154923215899	-0.224860052734	-7.94124809657	-1.3090100291	-2.27866987438
5.33328	0.4258345	-0.158496168295	-0.03882647097	-7.99360797413	-1.43991103201	-1.16357610607
5.366613	0.4210325	-0.151207345407	-0.0173885422135	-8.04596785169	-1.36718825261	-0.484823377531
5.399946	0.4162305	-0.155209052091	-0.12696017808	-8.08087443673	-1.38173280849	-2.10898169225
5.433279	0.4107425	-0.161640366404	-0.208900705771	-8.13323431429	-1.52717836728	-3.50284890264
5.466612	0.405426	-0.169357943579	-0.279526771063	-8.18559419185	-1.62899025843	-4.48461624214
5.499945	0.399595	-0.180791391247	-0.315256652324	-8.23795406941	-1.83261404073	-4.93307786635
5.533278	0.393421	-0.19308234749	-0.267974109455	-8.30776723949	-2.02169326716	-3.57557240927
5.566611	0.386561	-0.20065700657	-0.159712569235	-8.37758040957	-2.07987149067	-2.01201701674
5.599944	0.3798725	-0.202943696104	-0.0638373878525	-8.44739357965	-2.10896060243	-1.66052006804
5.633277	0.3730125	-0.203658286583	0.00666957783534	-8.51720674973	-2.15259427007	-2.35139338101
5.66661	0.366324	-0.203658286583	0.110405333096	-8.58701991981	-2.29803982886	-2.26654928994
5.699943	0.3592925	-0.198656153228	0.274524587687	-8.67428638241	-2.34167349649	-1.13933493719
5.733276	0.3527755	-0.184650179835	0.422327196502	-8.74409955249	-2.35621805237	-0.339376364271
5.766609	0.3469445	-0.168071680717	0.507483413506	-8.83136601509	-2.35621805237	0.339376364268
5.799942	0.341628	-0.151350263503	0.593473327741	-8.90117918517	-2.34167349649	1.13933493719
5.833275	0.3366545	-0.12905504055	0.676128453057	-8.98844564777	-2.29803982886	2.25442870551
5.866608	0.3328815	-0.103186865202	0.671483568493	-9.05825881785	-2.15259427007	2.25442870551
5.899941	0.329966	-0.0820349870165	0.60478779014	-9.12807198793	-2.10896060243	1.15145552163
5.933274	0.327565	-0.0648848155148	0.583111662175	-9.19788515801	-2.09441604655	0.436341039778
5.966607	0.325507	-0.0448762820962	0.60252489766	-9.26769832809	-2.09441604655	0.157567597697
5.99994	0.324478	-0.0228668953356	0.578824076424	-9.33751149817	-2.09441604655	0.339376364269
6.033273	0.324135	-0.00471629716297	0.518559676697	-9.40732466825	-2.07987149067	0.666632144099
6.066606	0.3243065	0.00971843051764	0.508793509153	-9.47713783833	-2.05078237892	0.848440910673
6.099939	0.3246495	0.0272973563069	0.549882872602	-9.54695100841	-1.96351504364	-0.315135195392
6.133272	0.3260215	0.0475917259173	0.564889422732	-9.59931088597	-2.07987149067	-1.13933493719
6.166605	0.327908	0.0661710783775	0.546428984081	-9.68657734857	-2.16713882595	1.11509376832
6.199938	0.3304805	0.083464167975	0.531065135138	-9.75639051865	-1.94897048777	1.95141409455
6.233271	0.333396	0.102043520435	0.494501556648	-9.80875039621	-1.91988137601	-0.0242411688782
6.266604	0.3373405	0.118336183362	0.406844247955	-9.87856356629	-2.02169326716	-0.351496948709
6.299937	0.3414565	0.129483794838	0.314780253907	-9.94837673637	-2.02169326716	1.24842019714
6.33327	0.346087	0.137201372014	0.284171655627	-10.0181899064	-1.89079226425	1.78172591242
6.366603	0.350546	0.146205212052	0.317757744012	-10.070549784	-1.84715859661	0.727235066292
6.399936	0.355691	0.158924922583	0.342054063269	-10.1403629541	-1.84715859661	-0.32725577983
6.433269	0.361179	0.170787124538	0.321807130555	-10.1927228316	-1.87624770837	-1.09085259944
6.466602	0.3671815	0.180219718864	0.299892803382	-10.2625360017	-1.97805959952	-0.327255779832
6.499935	0.373184	0.18965231319	0.294890620005	-10.3323491718	-1.89079226425	0.375738117585
6.533268	0.379701	0.201371597049	0.242367694552	-10.3847090494	-1.89079226425	-0.363617533146
6.566601	0.3867325	0.208946256129	0.106117747344	-10.4545222194	-1.97805959952	0.424220455337
6.599934	0.3939355	0.207945829458	-0.0216761279648	-10.5243353895	-1.87624770837	1.59991714584
6.633267	0.400624	0.20480163135	-0.0817023284828	-10.5766952671	-1.83261404073	1.87869058792
6.6666	0.407484	0.202943696104	-0.139346536917	-10.6465084372	-1.77443581722	2.50896097871
6.699933	0.414344	0.196226545599	-0.199610936643	-10.6988683147	-1.62899025843	1.91505234124
6.733266	0.4206895	0.186508115081	-0.175552816594	-10.7512281923	-1.59990114667	0.0969646755071
6.766599	0.4265205	0.183220998877	-0.115407516472	-10.8035880698	-1.62899025843	-1.40598779483
6.799932	0.432866	0.181077227439	-0.107308743386	-10.8559479474	-1.75989126134	-1.01812909281
6.833265	0.438697	0.176789684564	-0.115288416868	-10.9257611175	-1.75989126134	1.10297318388
6.866598	0.4446995	0.171644633113	-0.0807495316492	-10.978120995	-1.62899025843	1.7453641591
6.899931	0.450016	0.169929615963	-0.0120290600244	-11.0304808726	-1.58535659079	0.642390975224
6.933264	0.455847	0.172930895976	-0.00059549802101	-11.0828407502	-1.58535659079	-0.739355650733
6.966597	0.461678	0.172502141688	-0.059430702497	-11.1352006277	-1.62899025843	-2.16958461444
6.99993	0.467509	0.167928762621	-0.0962324801955	-11.1875605053	-1.77443581722	-2.24230812107
7.033263	0.4728255	0.164069974033	-0.0821787268997	-11.2573736754	-1.81806948486	-1.15145552163
7.066596	0.4783135	0.162926629266	-0.0644328858735	-11.3097335529	-1.83261404073	-0.424220455337
7.099929	0.4838015	0.160354103541	-0.0535948218911	-11.379546723	-1.83261404073	-0.0848440910668
7.133262	0.489118	0.155780724474	0.0221525263816	-11.4319066006	-1.83261404073	-0.0121205844389
7.166595	0.493577	0.165070400704	-0.0095279683362	-11.5017197706	-1.83261404073	-1.18610012564E-13
7.199928	0.500437	0.164927482608	-0.294056922776	-11.5540796482	-1.83261404073	-0.012120584438
7.233261	0.5054105	0.142203505368	-0.490333070501	-11.6238928183	-1.83261404073	-0.0848440910693
7.266594	0.509698	0.123624152908	-0.447338113384	-11.6762526958	-1.83261404073	-0.424220455339
7.299927	0.513471	0.109761097611	-0.307991576467	-11.7460658659	-1.84715859661	-1.15145552163
7.33326	0.5167295	0.105044800448	-0.213188291522	-11.7984257435	-1.89079226425	-2.25442870551
7.366593	0.5205025	0.0998997489975	-0.24486878624	-11.8682389136	-2.03623782304	-2.26654928995
7.399926	0.5235895	0.0894667280006	-0.3060859828	-11.9380520836	-2.07987149067	-1.24842019714
7.433259	0.526505	0.0776045260453	-0.320616134513	-12.0078652537	-2.09441604655	-0.933285001741
7.466592	0.5287345	0.0664569145691	-0.291555831087	-12.0776784238	-2.10896060243	-1.66052006804
7.499925	0.5307925	0.0588822554892	-0.283814356814	-12.1474915939	-2.16713882595	-3.43012539602
7.533258	0.532679	0.0504500878342	-0.355512318544	-12.217304764	-2.35621805237	-4.59370150209
7.566591	0.534394	0.0355866058661	-0.445075220904	-12.3045712266	-2.5452972788	-3.83010468248
7.599924	0.53508	0.0190081067477	-0.495097054669	-12.3918376892	-2.61802005819	-2.7271314986
7.633257	0.5355945	0.0030012800128	-0.549644673394	-12.4791041518	-2.67619828171	-2.75137266747
7.66659	0.535423	-0.0170072534059	-0.607646180641	-12.5663706144	-2.8216438405	-2.26654928995
7.699923	0.5345655	-0.0395883125498	-0.603477694494	-12.6710903695	-2.86527750813	-0.727235066293
7.733256	0.532679	-0.0594539278726	-0.532732529597	-12.7583568321	-2.86527750813	0.836320326237
7.766589	0.5304495	-0.0748890822242	-0.451506599531	-12.8630765872	-2.8216438405	2.77561383635
7.799922	0.5277055	-0.0894667280006	-0.357298812607	-12.9503430498	-2.66165372583	4.32704864444
7.833255	0.524447	-0.10118601186	-0.194966052079	-13.0376095124	-2.5452972788	6.13301572574
7.866588	0.520674	-0.103901455681	-0.00369208773028	-13.124875975	-2.28349527298	8.33896209349
7.899921	0.517244	-0.0983276499432	0.091230296819	-13.1946891451	-1.90533682013	7.99958572922
7.933254	0.514157	-0.0931825984927	0.0434713555339	-13.2470490226	-1.65807937019	4.98156020411
7.966587	0.5112415	-0.0938971889719	-0.068839571229	-13.2994089002	-1.58535659079	1.98777584787
7.99992	0.507983	-0.0983276499432	-0.181507796804	-13.3517687778	-1.57081203492	0.109085259946
8.033253	0.5047245	-0.105616472831	-0.298106309319	-13.4041286553	-1.58535659079	-1.38174662595
8.066586	0.501123	-0.118336183362	-0.393981490702	-13.4564885329	-1.64353481431	-2.96954318736
8.099919	0.497007	-0.135200518672	-0.399936470912	-13.5088484104	-1.81806948486	-3.35740188939
8.133252	0.491862	-0.146919802531	-0.348247242688	-13.5786615805	-1.96351504364	-1.15145552163
8.166585	0.48706	-0.154637379707	-0.365635784901	-13.6484747506	-1.87624770837	0.678752728538
8.199918	0.4820865	-0.173931322647	-0.303346691903	-13.7008346282	-1.84715859661	0.642390975224
8.233251	0.475055	-0.181791817918	-0.0683631728122	-13.7706477982	-1.83261404073	0.327255779833
8.266584	0.4693955	-0.174217158838	0.0566914116003	-13.8230076758	-1.83261404073	0.0606029221929
8.299917	0.463736	-0.172930895976	0.0456151484095	-13.8928208459	-1.83261404073	-0.0606029221913
8.33325	0.457905	-0.171501715017	0.0157211477547	-13.9451807234	-1.83261404073	-0.33937636427
8.366583	0.452417	-0.173645486455	-0.010599864774	-14.0149938935	-1.84715859661	-0.73935565073
8.399916	0.4459	-0.168071680717	-0.156496879922	-14.0673537711	-1.87624770837	-1.18781727495
8.433249	0.4416125	-0.174931749317	-0.505220521027	-14.1371669412	-1.97805959952	-0.424220455338
8.466582	0.4354385	-0.211804618046	-0.566199518378	-14.2069801112	-1.89079226425	-0.0484823377522
8.499915	0.426692	-0.228240199069	-0.208424307354	-14.2593399888	-1.90533682013	-1.52719363922
8.533248	0.4193175	-0.220379703797	0.0402556662204	-14.3291531589	-2.03623782304	-1.91505234124
8.566581	0.412286	-0.216377997113	0.047639841681	-14.398966329	-2.07987149067	-1.09085259944
8.599914	0.405083	-0.216663833305	0.00702687664794	-14.468779499	-2.09441604655	-0.496943961967
8.633247	0.39788	-0.218807604743	0.0304894986758	-14.5385926691	-2.09441604655	-0.496943961966
8.66658	0.390334	-0.216377997113	0.103854854864	-14.6084058392	-2.10896060243	-1.09085259944
8.699913	0.3833025	-0.2099466828	0.133034257894	-14.6782190093	-2.15259427007	-1.91505234124
8.733246	0.3764425	-0.205659139925	0.122553492724	-14.7480321794	-2.28349527298	-1.52719363922
8.766579	0.369754	-0.204515795158	0.18222239443	-14.835298642	-2.29803982886	-0.0484823377547
8.799912	0.362551	-0.196369463695	0.311683664198	-14.905111812	-2.21077249358	-0.4120998709
8.833245	0.356377	-0.180648473151	0.367184079756	-14.9749249821	-2.31258438474	-1.11509376832
8.866578	0.3507175	-0.169215025484	0.360157203108	-15.0621914447	-2.34167349649	-0.399979286462
8.899911	0.3452295	-0.160068267349	0.436500049402	-15.1320046148	-2.34167349649	0.399979286462
8.933244	0.3397415	-0.142775177752	0.576084785527	-15.2192710774	-2.31258438474	1.10297318388
8.966577	0.335454	-0.118336183362	0.631108802668	-15.2890842475	-2.21077249358	0.315135195394
8.99991	0.332024	-0.0974701413681	0.599785606763	-15.3588974176	-2.29803982886	-0.460582208653
9.033243	0.3291085	-0.0801770517705	0.608003479453	-15.4461638801	-2.29803982886	-0.0606029221928
9.066576	0.326536	-0.0593110097768	0.676843050682	-15.5159770502	-2.22531704946	-1.57567597697
9.099909	0.3249925	-0.0341574249076	0.733534462283	-15.5857902203	-2.37076260825	-3.84222526691
9.133242	0.3243065	-0.00914675813425	0.767239650272	-15.6730566829	-2.55984183468	-4.04827520236
9.166575	0.324478	0.0147205638723	0.85191946886	-15.7603231455	-2.66165372583	-3.22407546057
9.199908	0.3249925	0.0465912992463	0.94291156647	-15.8475896081	-2.80709928462	-1.09085259944
9.233241	0.3273935	0.0828924955916	0.873714696429	-15.9523093632	-2.79255472874	2.59380506978
9.266574	0.3308235	0.110189851899	0.643733360714	-16.0395758258	-2.60347550231	5.32093656838
9.299907	0.335111	0.125767924346	0.398864574474	-16.1268422884	-2.37076260825	6.07241280355
9.33324	0.3393985	0.133771337713	0.235459917508	-16.1966554585	-2.15259427007	5.30881598394
9.366573	0.344029	0.139773897739	0.14113303098	-16.2664686286	-2.03623782304	4.64218383984
9.399906	0.348831	0.142346423464	0.100162767134	-16.3362817987	-1.84715859661	3.87858702023
9.433239	0.353633	0.142918095848	0.16495295182	-16.3886416762	-1.70171303782	1.26054078157
9.466572	0.358092	0.150921509215	0.286077249294	-16.4410015538	-1.7889803731	-0.581788053036
9.499905	0.3634085	0.166213745471	0.286791846919	-16.5108147239	-1.81806948486	-0.218170519889
9.533238	0.369411	0.175217585509	0.138751038896	-16.5631746014	-1.81806948486	0.8241997418
9.566571	0.3754135	0.174788831222	-0.00750327506475	-16.6329877715	-1.77443581722	2.19382578332
9.599904	0.381073	0.172216305496	-0.0865854122551	-16.6853476491	-1.62899025843	2.32715221214
9.633237	0.386904	0.168357516908	-0.125173684017	-16.7377075266	-1.58535659079	1.56355539253
9.66657	0.392392	0.162497874979	-0.105164950511	-16.7900674042	-1.55626747904	1.4908318859
9.699903	0.3977085	0.158353250199	-0.000119099604201	-16.8424272817	-1.5126338114	1.91505234124
9.733236	0.402682	0.1617832845	0.120766998661	-16.8947871593	-1.38173280849	1.11509376831
9.766569	0.4083415	0.169929615963	0.140656632563	-16.9296937443	-1.38173280849	-1.10297318388
9.799902	0.4141725	0.173788404551	0.0809877308576	-16.9820536219	-1.5126338114	-1.84232883461
9.833235	0.4200035	0.175217585509	0.0231053232153	-17.0344134995	-1.55626747904	-1.16357610607
9.866568	0.426006	0.172645059784	0.0419230606792	-17.086773377	-1.57081203492	-0.921164417304
9.899901	0.4313225	0.175360503605	0.136011747999	-17.1391332546	-1.58535659079	-1.66052006804
9.933234	0.4374965	0.183506835068	0.18960656989	-17.1914931321	-1.64353481431	-3.41800481158
9.966567	0.4436705	0.189795231286	0.19186946237	-17.2438530097	-1.83261404073	-4.49673682658
9.9999	0.4501875	0.19551195512	0.18817737464	-17.3136661798	-2.02169326716	-3.32104013607
10.033233	0.456533	0.204229958966	0.111239030325	-17.3834793499	-2.07987149067	-1.16357610607
10.066566	0.4639075	0.20823166565	-0.103497556052	-17.4532925199	-2.07987149067	0.557546884157
10.099899	0.470939	0.197084054174	-0.286791846919	-17.52310569	-2.03623782304	1.73324357466
10.133232	0.4772845	0.180648473151	-0.232482427403	-17.5929188601	-1.90533682013	1.09085259944
10.166565	0.482601	0.17450299503	-0.0048830837723	-17.6452787377	-1.90533682013	-1.09085259944
10.199898	0.488089	0.188794804615	-0.00726507585634	-17.7150919077	-2.03623782304	-1.7453641591
10.233231	0.4958065	0.186793951273	-0.348723641105	-17.7849050778	-2.07987149067	-0.654511559664
10.266564	0.501466	0.159925349253	-0.560125438564	-17.8547182479	-2.07987149067	0.654511559662
10.299897	0.5060965	0.139916815835	-0.512366497279	-17.924531418	-2.03623782304	1.75748474354
10.33323	0.5105555	0.125767924346	-0.423279993335	-17.9943445881	-1.90533682013	1.17569669051
10.366563	0.5145	0.113334050007	-0.362181896379	-18.0467044656	-1.90533682013	-0.690873312975
10.399896	0.5181015	0.101757684244	-0.318710540846	-18.1165176357	-2.02169326716	-0.763596819607
10.433229	0.5211885	0.0926109261093	-0.299535504569	-18.1863308058	-2.02169326716	0.775717404045
10.466562	0.5242755	0.0833212498792	-0.32252172818	-18.2561439759	-1.90533682013	0.775717404043
10.499895	0.526848	0.071316129828	-0.348485441896	-18.3085038534	-1.90533682013	-0.775717404048
10.533228	0.5290775	0.0583105831058	-0.327881210369	-18.3783170235	-2.02169326716	-0.775717404045
10.566561	0.530621	0.0483063163965	-0.279526771063	-18.4481301936	-2.02169326716	0.763596819609
10.599894	0.5321645	0.0415891658917	-0.279645870667	-18.5179433637	-1.90533682013	0.67875272854
10.633227	0.5335365	0.0314419810865	-0.325618317889	-18.5703032412	-1.90533682013	-1.28478195045
10.66656	0.534394	0.0180076800768	-0.330858700474	-18.6401164113	-2.03623782304	-2.35139338101
10.699893	0.5345655	0.00843216765501	-0.318948740054	-18.7099295814	-2.09441604655	-2.64228740753
10.733226	0.5349085	-0.000571672383391	-0.375878350863	-18.7797427515	-2.16713882595	-3.81798409804
10.766559	0.534737	-0.0151493181598	-0.471158034225	-18.8495559215	-2.35621805237	-4.60582208652
10.799892	0.534051	-0.0341574249076	-0.515105788175	-18.9368223841	-2.5452972788	-3.50284890264
10.833225	0.532336	-0.0508788421218	-0.522370864032	-19.0240888467	-2.60347550231	-1.99989643231
10.866558	0.530621	-0.0671715050484	-0.566795016399	-19.1113553093	-2.63256461407	-1.6483994836
10.899891	0.5280485	-0.0883233832338	-0.609194475495	-19.1986217719	-2.67619828171	-2.24230812107
10.933224	0.52479	-0.110761524282	-0.563817526294	-19.2858882345	-2.8216438405	-1.67264065247
10.966557	0.5205025	-0.128483368167	-0.436142750589	-19.3906079897	-2.85073295225	0.848440910674
10.99989	0.5160435	-0.140059733931	-0.288340141774	-19.4778744523	-2.79255472874	4.14523987787
11.033223	0.51107	-0.147348556819	-0.147564409607	-19.5825942074	-2.55984183468	6.77540670096
11.066556	0.5060965	-0.149778164448	-0.0214379287564	-19.6524073775	-2.22531704946	6.14513631018
11.099889	0.5009515	-0.147491474915	0.0443050527633	-19.7222205475	-2.10896060243	4.2179633845
11.133222	0.4961495	-0.143346850135	0.00309658970927	-19.7920337176	-2.02169326716	3.92706935798
11.166555	0.491519	-0.143061013943	-0.134582552749	-19.8618468877	-1.84715859661	3.62405474702
11.199888	0.4872315	-0.15763865972	-0.125769182038	-19.9142067653	-1.70171303782	1.59991714584
11.233221	0.480543	-0.159925349253	0.098257173467	-19.9665666428	-1.77443581722	0.472702793092
11.266554	0.4759125	-0.145347703477	0.178530306699	-20.0363798129	-1.75989126134	1.61203773028
11.299887	0.471282	-0.140631406314	0.0651474834987	-20.0887396905	-1.62899025843	1.92717292568
11.33322	0.466823	-0.143346850135	-0.00428758575129	-20.141099568	-1.58535659079	1.078732015
11.366553	0.461678	-0.145347703477	0.0277502077792	-20.1934594456	-1.57081203492	0.399979286462
11.399886	0.456876	-0.141203078697	0.0346579848229	-20.2458193231	-1.57081203492	1.2627062804E-12
11.433219	0.452074	-0.135057600576	-0.157449676756	-20.2981792007	-1.57081203492	-0.399979286462
11.466552	0.448644	-0.148063147298	-0.429473172754	-20.3505390783	-1.58535659079	-1.06661143056
11.499885	0.442813	-0.177504275043	-0.353368525669	-20.4028989558	-1.62899025843	-1.84232883461
11.533218	0.4354385	-0.174074240742	-0.182936992055	-20.4552588334	-1.75989126134	-1.18781727494
11.566551	0.4316655	-0.180076800768	-0.217833176086	-20.5250720035	-1.75989126134	0.690873312978
11.599884	0.423948	-0.196083627503	-0.0740799538139	-20.577431881	-1.64353481431	0.751476235169
11.633217	0.4176025	-0.187365623656	0.108857038241	-20.6297917586	-1.64353481431	-0.848440910675
11.66655	0.4116	-0.181791817918	0.114812018451	-20.6821516361	-1.75989126134	-1.11509376832
11.699883	0.4055975	-0.177647193139	0.0537139214953	-20.7519648062	-1.77443581722	0.0363617533133
11.733216	0.399938	-0.179362210289	0.0104807651698	-20.8043246838	-1.68716848195	-0.39997928646
11.766549	0.3935925	-0.179933882672	0.0522847262449	-20.8566845613	-1.7889803731	-1.10297318388
11.799882	0.3877615	-0.175789257893	0.103021157635	-20.9264977314	-1.81806948486	-0.327255779832
11.833215	0.3819305	-0.172216305496	0.138393740083	-20.978857609	-1.81806948486	0.715114481855
11.866548	0.376271	-0.167500008333	0.187939175431	-21.0486707791	-1.77443581722	1.68476123691
11.899881	0.3706115	-0.159067840678	0.207709709729	-21.1010306566	-1.64353481431	0.751476235169
11.933214	0.365638	-0.150492754928	0.14339592346	-21.1533905342	-1.65807937019	-1.85444941905
11.966547	0.360836	-0.148634819682	0.059430702497	-21.2057504117	-1.81806948486	-3.10286961618
11.99988	0.3558625	-0.150349836832	0.0759855474811	-21.2755635818	-1.96351504364	-1.91505234124
12.033213	0.350546	-0.145490621573	0.15078009892	-21.3453767519	-1.90533682013	-1.62415831472
12.066546	0.346087	-0.138201798685	0.185795382556	-21.3977366295	-1.96351504364	-3.9634311113
12.099879	0.3414565	-0.133056747234	0.229385837694	-21.4675497995	-2.23986160534	-4.69066617759
12.133212	0.337169	-0.12562500625	0.349200039521	-21.5548162621	-2.34167349649	-3.79374292916
12.166545	0.3328815	-0.111761950953	0.526777549387	-21.6246294322	-2.42894083177	-4.15736046231
12.199878	0.3294515	-0.0894667280006	0.682202532871	-21.7118958948	-2.61802005819	-4.25432513781
12.233211	0.326879	-0.0643131431314	0.781888901589	-21.7991623574	-2.79255472874	-2.25442870551
12.266544	0.325164	-0.0377303773038	0.871570903553	-21.9038821125	-2.80709928462	0.860561495113
12.299877	0.324135	-0.00514505145051	0.909801876502	-21.9911485751	-2.67619828171	2.67864916084
12.33321	0.324821	0.027154438211	0.816189587599	-22.0784150377	-2.60347550231	3.78162234472
12.366543	0.326193	0.0517363506968	0.638731177337	-22.1656815003	-2.48711905528	6.07241280355
12.399876	0.3284225	0.0701727850612	0.447338113384	-22.2529479629	-2.15259427007	6.84813020759
12.433209	0.3311665	0.0794624612913	0.325261019077	-22.3053078405	-1.91988137601	4.56946033321
12.466542	0.333739	0.0877517108504	0.324903720264	-22.3751210106	-1.84715859661	1.99989643231
12.499875	0.336826	0.100328503285	0.362062796775	-22.4274808881	-1.83261404073	0.581788053035
12.533208	0.3404275	0.113476968103	0.375163753238	-22.4972940582	-1.83261404073	0.0242411688747
12.566541	0.3445435	0.1239099891	0.424709188586	-22.5496539358	-1.83261404073	-0.412099870901
12.599874	0.348488	0.139773897739	0.515820385801	-22.6194671058	-1.84715859661	-1.15145552163
12.633207	0.353633	0.161354530212	0.52487195572	-22.6718269834	-1.89079226425	-2.26654928994
12.66654	0.359464	0.177647193139	0.45769977895	-22.7416401535	-2.03623782304	-2.33927279657
12.699873	0.365638	0.189795231286	0.436023650985	-22.8114533236	-2.07987149067	-1.56355539253
12.733206	0.3719835	0.20480163135	0.459248073804	-22.8812664936	-2.10896060243	-1.50295247034
12.766539	0.3791865	0.222094720947	0.441383133174	-22.9510796637	-2.15259427007	-2.01201701674
12.799872	0.386904	0.236386530532	0.367541378569	-23.0208928338	-2.28349527298	-1.61203773028
12.833205	0.395136	0.245533288666	0.312993759844	-23.1081592964	-2.29803982886	-0.387858702024
12.866538	0.4031965	0.255823391567	0.284648054044	-23.1779724665	-2.22531704946	-1.15145552163
12.899871	0.4121145	0.266828084948	0.191393063953	-23.2477856366	-2.35621805237	-2.29079045882
12.933204	0.421204	0.271258545919	0.0251300164867	-23.3350520992	-2.48711905528	-0.739355650731
12.966537	0.430465	0.267399757331	-0.117432209744	-23.4223185618	-2.39985172001	0.763596819607
12.99987	0.43904	0.261540115401	-0.20461312002	-23.4921317318	-2.37076260825	0.654511559662
13.033203	0.447958	0.253393783938	-0.268569607476	-23.5793981944	-2.35621805237	0.33937636427
13.066536	0.4560185	0.242674926749	-0.298106309319	-23.6492113645	-2.35621805237	0.14544701326
13.099869	0.464079	0.233099414327	-0.309182572509	-23.7364778271	-2.35621805237	0.351496948709
13.133202	0.471625	0.22166596666	-0.299059106152	-23.8062909972	-2.34167349649	0.727235066292
13.166535	0.478828	0.211947536142	-0.25677874666	-23.8935574598	-2.31258438474	1.09085259944
13.199868	0.485688	0.203944122775	-0.210210801417	-23.9633706299	-2.21077249358	-0.084844091068
13.233201	0.492205	0.201085760858	-0.250466467638	-24.0331838	-2.31258438474	-1.52719363921
13.266534	0.499408	0.190081067477	-0.369804271048	-24.1204502626	-2.35621805237	-1.87869058792
13.299867	0.5050675	0.173359650263	-0.417444112729	-24.1902634326	-2.41439627589	-2.59380506978
13.3332	0.510727	0.161640366404	-0.445432519717	-24.2775298952	-2.55984183468	-2.3150316277
13.366533	0.5160435	0.144633112998	-0.492834162189	-24.3647963578	-2.60347550231	-1.06661143056
13.399866	0.520331	0.128340450071	-0.532970728806	-24.4520628204	-2.61802005819	0.0727235066297
13.433199	0.5246185	0.110332769994	-0.599785606763	-24.539329283	-2.60347550231	1.40598779483
13.466532	0.527877	0.0874658746587	-0.629203209001	-24.6265957456	-2.5452972788	2.96954318736
13.499865	0.5304495	0.0650277336107	-0.564770323128	-24.7138622082	-2.37076260825	3.34528130495
13.533198	0.531993	0.0485921525882	-0.465798552036	-24.7836753783	-2.22531704946	1.06661143056
13.566531	0.5335365	0.036587032537	-0.433760758505	-24.8534885484	-2.31258438474	-1.10297318388
13.599864	0.5345655	0.0217235505688	-0.460439069846	-24.940755011	-2.35621805237	-1.79384649686
13.633197	0.53508	0.00457337906712	-0.465322153619	-25.0105681811	-2.41439627589	-2.58168448534
13.66653	0.534737	-0.00986134861349	-0.461153667472	-25.0978346437	-2.55984183468	-2.32715221214
13.699863	0.534394	-0.0240102401024	-0.504625023006	-25.1851011063	-2.60347550231	-1.15145552163
13.733196	0.533365	-0.0437329373294	-0.532970728806	-25.2723675689	-2.61802005819	-0.32725577983
13.766529	0.5314785	-0.0631697983646	-0.461868265097	-25.3596340315	-2.61802005819	0.424220455339
13.799862	0.528906	-0.0757465907992	-0.352534828439	-25.4469004941	-2.60347550231	1.56355539253
13.833195	0.5263335	-0.0848933489335	-0.287744643753	-25.5341669567	-2.5452972788	3.40588422714
13.866528	0.5232465	-0.0933255165885	-0.272142595602	-25.6214334193	-2.35621805237	4.50885741102
13.899861	0.5201595	-0.102758110914	-0.274643687291	-25.6912465894	-2.16713882595	3.3937636427
13.933194	0.5163865	-0.112047787145	-0.276191982145	-25.7610597594	-2.10896060243	1.4908318859
13.966527	0.5126135	-0.120051200512	-0.308587074488	-25.8308729295	-2.09441604655	0.109085259945
13.99986	0.5084975	-0.131341730084	-0.365754884506	-25.9006860996	-2.10896060243	-0.884802663991
14.033193	0.5040385	-0.14663396634	-0.365635784901	-25.9704992697	-2.15259427007	-1.39386721039
14.066526	0.4985505	-0.158353250199	-0.292032229504	-26.0403124398	-2.2689507171	0.0484823377536
14.099859	0.493234	-0.16349830165	-0.257374244681	-26.1275789024	-2.22531704946	3.35740188939
14.133192	0.488089	-0.177361356947	-0.162570959736	-26.1973920724	-1.94897048777	4.08463695568
14.166525	0.4810575	-0.180648473151	0.0789630375862	-26.24975195	-1.86170315249	2.21806695219
14.199858	0.475398	-0.167071254046	0.177339310657	-26.3195651201	-1.83261404073	0.836320326236
14.233191	0.470253	-0.161211612116	0.0644328858735	-26.3719249976	-1.83261404073	0.169688182135
14.266524	0.4649365	-0.163069547362	-0.0656238819155	-26.4417381677	-1.83261404073	0.0242411688766
14.299857	0.4594485	-0.168500435004	-0.12838937333	-26.4940980453	-1.83261404073	-0.01212058444
14.33319	0.4536175	-0.172502141688	-0.161499063298	-26.5639112154	-1.83261404073	-0.0848440910689
14.366523	0.447958	-0.177504275043	-0.23295882582	-26.6162710929	-1.83261404073	-0.424220455336
14.399856	0.4419555	-0.187365623656	-0.313351058656	-26.686084263	-1.84715859661	-1.16357610607
14.433189	0.43561	-0.201085760858	-0.31656674797	-26.7384441406	-1.89079226425	-2.33927279658
14.466522	0.428407	-0.211090027567	-0.243201391781	-26.8082573106	-2.03623782304	-2.66652857641
14.499855	0.4213755	-0.216520915209	-0.179840402346	-26.8780704807	-2.09441604655	-2.23018753663
14.533188	0.414001	-0.221808884756	-0.142800425439	-26.9478836508	-2.15259427007	-2.33927279658
14.566521	0.4066265	-0.227096854302	-0.0799158344198	-27.0176968209	-2.28349527298	-1.61203773028
14.599854	0.3987375	-0.228668953356	0.0198896339018	-27.1049632835	-2.29803982886	-0.0606029221929
14.633187	0.3911915	-0.224524328577	0.0851562170047	-27.1747764536	-2.21077249358	-0.424220455338
14.66652	0.383817	-0.221237212372	0.10373575526	-27.2445896236	-2.31258438474	-1.18781727494
14.699853	0.3764425	-0.21752134188	0.125769182038	-27.3318560862	-2.34167349649	-0.739355650732
14.733186	0.369411	-0.215234652347	0.214974785585	-27.4016692563	-2.35621805237	-0.33937636427
14.766519	0.361865	-0.205944976116	0.373853657591	-27.4889357189	-2.35621805237	-0.0727235066275
14.799852	0.355348	-0.187508541752	0.460200870638	-27.558748889	-2.35621805237	-0.0121205844376
14.833185	0.349517	-0.171930469305	0.461868265097	-27.6460153516	-2.35621805237	0.0121205844376
14.866518	0.344029	-0.158924922583	0.512842895695	-27.7158285217	-2.35621805237	0.0848440910657
14.899851	0.3387125	-0.140345570122	0.624081926021	-27.8030949843	-2.35621805237	0.424220455337
14.933184	0.334425	-0.115049067157	0.677676747912	-27.8729081543	-2.34167349649	1.15145552163
14.966517	0.3311665	-0.0921821718217	0.650402938549	-27.9601746169	-2.29803982886	2.25442870551
14.99985	0.3284225	-0.0727453107864	0.637540181295	-28.029987787	-2.15259427007	2.26654928995
15.033183	0.326193	-0.0507359240259	0.643018763089	-28.0998009571	-2.10896060243	1.2362996127
15.066516	0.3249925	-0.0280119467861	0.600500204388	-28.1696141272	-2.09441604655	0.848440910676
15.099849	0.324478	-0.00943259432594	0.525110154928	-28.2394272973	-2.07987149067	1.2362996127
15.133182	0.324478	0.0057167238339	0.481400600186	-28.3092404673	-2.03623782304	2.25442870551
15.166515	0.324821	0.0212947962813	0.476636616018	-28.3790536374	-1.89079226425	2.16958461444
15.199848	0.32585	0.0377303773038	0.477589412852	-28.431413515	-1.84715859661	0.715114481856
15.233181	0.3273935	0.0531655316553	0.490928568522	-28.5012266851	-1.84715859661	-0.812079157359
15.266514	0.3294515	0.0680290136235	0.570487104129	-28.5535865626	-1.89079226425	-2.58168448534
15.299847	0.331681	0.0898954822882	0.678748644349	-28.6233997327	-2.05078237892	-3.32104013607
15.33318	0.3352825	0.11633533002	0.699233776272	-28.6932129028	-2.13804971419	-3.06650786287
15.366513	0.33957	0.139488061547	0.628012212959	-28.7630260729	-2.28349527298	-1.93929351011
15.399846	0.344715	0.158496168295	0.532851629201	-28.8502925355	-2.29803982886	-0.0484823377535
15.433179	0.350203	0.17450299503	0.443288726841	-28.9201057055	-2.21077249358	-0.01212058444
15.466512	0.356377	0.188366050327	0.352177529626	-28.9899188756	-2.29803982886	-0.0363617533152
15.499845	0.362894	0.198084480845	0.274524587687	-29.0771853382	-2.28349527298	1.50295247034
15.533178	0.369754	0.203658286583	0.283457058002	-29.1469985083	-2.15259427007	1.83020825017
15.566511	0.376271	0.214377143771	0.35765611142	-29.2168116784	-2.10896060243	0.666632144102
15.599844	0.383817	0.230669806698	0.348128143084	-29.2866248485	-2.10896060243	-0.654511559662
15.633177	0.3918775	0.241102827695	0.242367694552	-29.3564380185	-2.15259427007	-1.75748474354
15.66651	0.4001095	0.24539037057	0.161856362111	-29.4262511886	-2.28349527298	-1.17569669051
15.699843	0.40817	0.250106667733	0.122791691933	-29.5135176512	-2.28349527298	0.690873312977
15.733176	0.416745	0.254822964896	0.058239706455	-29.5833308213	-2.16713882595	0.751476235169
15.766509	0.42532	0.255108801088	-0.0319186939262	-29.6531439914	-2.16713882595	-0.848440910675
15.799842	0.433895	0.251107094404	-0.0857517150257	-29.7229571615	-2.28349527298	-1.10297318388
15.833175	0.4419555	0.248820404871	-0.127198377288	-29.8102236241	-2.29803982886	0.109085259944
15.866508	0.4505305	0.244389943899	-0.209853502605	-29.8800367941	-2.21077249358	-0.0727235066286
15.899841	0.4584195	0.235100267669	-0.293580524359	-29.9498499642	-2.29803982886	-0.448461624215
15.933174	0.4663085	0.222666393331	-0.317162245991	-30.0371164268	-2.29803982886	0.448461624214
15.966507	0.4731685	0.212090454238	-0.280479567897	-30.1069295969	-2.21077249358	0.0969646755072
15.99984	0.4803715	0.204515795158	-0.25534955141	-30.176742767	-2.29803982886	0.060602922191
16.033173	0.4868885	0.194940282736	-0.248203575158	-30.2640092296	-2.28349527298	1.92717292567
16.066506	0.4930625	0.191653166532	-0.350986533584	-30.3338223997	-2.13804971419	2.9816637718
16.099839	0.500094	0.176075094084	-0.565246721545	-30.4036355697	-2.05078237892	2.92106084961
16.133172	0.505239	0.148634819682	-0.629679607418	-30.4734487398	-1.90533682013	1.59991714585
16.166505	0.509698	0.128340450071	-0.523204561261	-30.5258086174	-1.90533682013	-0.606029221912
16.199838	0.5136425	0.113191131911	-0.379927737406	-30.5956217875	-2.02169326716	-0.763596819608
16.233171	0.5170725	0.104330209969	-0.275953782937	-30.6654349575	-2.02169326716	0.678752728541
16.266504	0.5205025	0.0980418137515	-0.270475201144	-30.7352481276	-1.90533682013	0.278773442078
16.299837	0.523761	0.0880375470421	-0.31656674797	-30.7876080052	-1.91988137601	-2.25442870551
16.33317	0.526505	0.0747461641283	-0.313589257865	-30.8574211753	-2.09441604655	-3.67253708478
16.366503	0.528563	0.0657423240899	-0.28000316948	-30.9272343453	-2.2689507171	-2.18170519888
16.399836	0.5307925	0.0587393373934	-0.313112859448	-31.0145008079	-2.28349527298	0.606029221911
16.433169	0.532679	0.0465912992463	-0.388026510491	-31.084313978	-2.15259427007	1.3332642882
16.466502	0.534051	0.0304415544155	-0.402080263787	-31.1541271481	-2.12350515831	-0.0121205844388
16.499835	0.5345655	0.0175789257893	-0.358728007858	-31.2239403182	-2.15259427007	-1.43022896371
16.533168	0.53508	0.00828924955916	-0.356346015774	-31.2937534883	-2.28349527298	-1.10297318388
16.566501	0.5352515	-0.00428754287543	-0.40017467012	-31.3810199509	-2.28349527298	0.702993897417
16.599834	0.5349085	-0.019722697227	-0.410179036873	-31.4508331209	-2.16713882595	0.763596819607
16.633167	0.5338795	-0.03372867062	-0.366231282922	-31.520646291	-2.16713882595	-0.775717404048
16.6665	0.5325075	-0.0437329373294	-0.332287895725	-31.5904594611	-2.28349527298	-0.787837988485
16.699833	0.530964	-0.0535942859429	-0.360276302712	-31.6777259237	-2.28349527298	0.690873312979
16.733166	0.5290775	-0.0671715050484	-0.410893634498	-31.7475390938	-2.16713882595	0.351496948708
16.766499	0.526505	-0.0818920689207	-0.442455029612	-31.8173522639	-2.18168338183	-1.91505234124
16.799832	0.5235895	-0.096612632793	-0.465679452431	-31.8871654339	-2.34167349649	-2.93318143405
16.833165	0.5201595	-0.113476968103	-0.4591289742	-31.9744318965	-2.48711905528	-0.981767339495
16.866498	0.5160435	-0.130055467221	-0.371590765111	-32.0616983591	-2.39985172001	1.11509376832
16.899831	0.5112415	-0.139488061547	-0.251538364075	-32.1315115292	-2.35621805237	1.79384649685
16.933164	0.506611	-0.144347276806	-0.207233311312	-32.2187779918	-2.29803982886	2.59380506978
16.966497	0.5016375	-0.150492754928	-0.239271104843	-32.2885911619	-2.15259427007	2.42411688764
16.99983	0.496664	-0.158782004487	-0.287268245336	-32.358404332	-2.10896060243	1.67264065247
17.033163	0.491519	-0.176932602659	-0.132438759873	-32.4282175021	-2.07987149067	1.99989643231
17.066496	0.4841445	-0.174931749317	0.204732219624	-32.4980306721	-2.02169326716	3.49072831821
17.099829	0.479171	-0.154494461611	0.308110676072	-32.5678438422	-1.83261404073	4.52097799545
17.133162	0.474369	-0.14591937586	0.173528123323	-32.6202037198	-1.64353481431	3.40588422714
17.166495	0.4697385	-0.145347703477	0.0680058739996	-32.6725635973	-1.58535659079	1.56355539253
17.199828	0.4645935	-0.144918949189	0.0501409333692	-32.7249234749	-1.57081203492	0.424220455339
17.233161	0.459963	-0.141060160602	0.00845607189837	-32.7772833525	-1.57081203492	-0.327255779832
17.266494	0.4553325	-0.142632259656	-0.0875382090888	-32.82964323	-1.58535659079	-1.13933493719
17.299827	0.450359	-0.142775177752	-0.289531137816	-32.8820031076	-1.62899025843	-2.25442870551
17.33316	0.446586	-0.164069974033	-0.435070854151	-32.9343629851	-1.77443581722	-2.25442870551
17.366493	0.43904	-0.177504275043	-0.405653251913	-33.0041761552	-1.81806948486	-1.15145552163
17.399826	0.4347525	-0.190081067477	-0.361467298754	-33.0565360328	-1.83261404073	-0.436341039774
17.433159	0.426692	-0.20823166565	-0.140180234146	-33.1263492029	-1.83261404073	-0.169688182133
17.466492	0.419832	-0.19894198942	0.0510937302028	-33.1787090804	-1.83261404073	-0.436341039776
17.499825	0.413658	-0.195369037024	-0.00655047823114	-33.2485222505	-1.84715859661	-1.15145552163
17.533158	0.407141	-0.19894198942	-0.0903965995896	-33.3008821281	-1.89079226425	-2.25442870551
17.566491	0.4004525	-0.205373303733	-0.0807495316492	-33.3706952981	-2.03623782304	-2.25442870551
17.599824	0.3932495	-0.2065166485	-0.00166739445883	-33.4405084682	-2.07987149067	-1.15145552163
17.633157	0.386561	-0.203944122775	0.0468061444515	-33.5103216383	-2.09441604655	-0.436341039775
17.66649	0.379701	-0.201943269433	0.0638373878525	-33.5801348084	-2.09441604655	-0.169688182136
17.699823	0.373184	-0.201228678953	0.121600695891	-33.6499479785	-2.09441604655	-0.424220455337
17.733156	0.3661525	-0.196369463695	0.242724993365	-33.7197611485	-2.10896060243	-1.06661143056
17.766489	0.359807	-0.183649753164	0.330025003245	-33.7895743186	-2.15259427007	-1.84232883461
17.799822	0.353976	-0.171644633113	0.349557338334	-33.8593874887	-2.28349527298	-1.18781727495
17.833155	0.348488	-0.1617832845	0.399817371307	-33.9466539513	-2.28349527298	0.690873312977
17.866488	0.343	-0.146776884436	0.489618472876	-34.0164671214	-2.16713882595	0.751476235169
17.899821	0.338541	-0.1273400234	0.534876322473	-34.0862802914	-2.16713882595	-0.848440910675
17.933154	0.3345965	-0.109332343323	0.534757222869	-34.1560934615	-2.28349527298	-1.11509376832
17.966487	0.331338	-0.0930396803968	0.564174825107	-34.2433599241	-2.29803982886	0.0363617533152
17.99982	0.328251	-0.0730311469781	0.625272922063	-34.3131730942	-2.21077249358	-0.412099870898
18.033153	0.3263645	-0.0500213335467	0.654452325092	-34.3829862643	-2.31258438474	-1.18781727494
18.066486	0.3249925	-0.0284407010737	0.65778711401	-34.4702527269	-2.34167349649	-0.727235066294
18.099819	0.324478	-0.00686006860069	0.67338916216	-34.540065897	-2.35621805237	-0.254532273204
18.133152	0.324478	0.0161497448308	0.691968700416	-34.6273323596	-2.35621805237	0.351496948708
18.166485	0.325507	0.040302903029	0.680773337621	-34.6971455296	-2.34167349649	1.12721435275
18.199818	0.327222	0.0627410440771	0.636706484066	-34.7844119922	-2.29803982886	2.16958461444
18.233151	0.3297945	0.0823208232082	0.602405798056	-34.8542251623	-2.15259427007	1.84232883461
18.266484	0.33271	0.101614766148	0.599904706368	-34.9240383324	-2.12350515831	0.0727235066311
18.299817	0.336483	0.122623726237	0.593949726157	-34.9938515025	-2.15259427007	-1.50295247034
18.33315	0.340942	0.142203505368	0.571439900963	-35.0636646726	-2.28349527298	-1.52719363922
18.366483	0.346087	0.159067840678	0.595378921408	-35.1509311352	-2.29803982886	-0.448461624216
18.399816	0.3514035	0.179933882672	0.667315082346	-35.2207443052	-2.22531704946	-1.4908318859
18.433149	0.3579205	0.205087467541	0.694469792104	-35.2905574753	-2.37076260825	-3.03014610955
18.466482	0.3651235	0.229097707644	0.636944683274	-35.3778239379	-2.53075272292	-1.92717292568
18.499815	0.3733555	0.248534568679	0.534042625244	-35.4650904005	-2.5452972788	0.351496948708
18.533148	0.381759	0.26468431351	0.411846431332	-35.5523568631	-2.42894083177	0.702993897415
18.566481	0.39102	0.278118614519	0.228790339673	-35.6221700332	-2.42894083177	-0.702993897417
18.599814	0.400624	0.281405730724	0.0120290600244	-35.7094364958	-2.5452972788	-0.351496948707
18.633147	0.4100565	0.276117761178	-0.130056767789	-35.7967029584	-2.53075272292	1.92717292568
18.66648	0.4189745	0.270401037344	-0.205565916853	-35.883969421	-2.37076260825	3.03014610955
18.699813	0.428064	0.263826804935	-0.300011902986	-35.9537825911	-2.22531704946	1.4908318859
18.733146	0.4368105	0.250535422021	-0.379689538197	-36.0235957612	-2.29803982886	0.448461624214
18.766479	0.444871	0.234671513382	-0.348842740709	-36.1108622238	-2.28349527298	1.52719363922
18.799812	0.4522455	0.224524328577	-0.240819399697	-36.1806753938	-2.15259427007	1.51507305478
18.833145	0.45962	0.220522621893	-0.179006705116	-36.2504885639	-2.12350515831	0
18.866478	0.4669945	0.21580632473	-0.200682833081	-36.320301734	-2.15259427007	-1.50295247034
18.899811	0.4741975	0.206373730404	-0.20151653031	-36.3901149041	-2.28349527298	-1.43022896371
18.933144	0.4807145	0.199084907516	-0.128151174122	-36.4773813667	-2.29803982886	0.0363617533152
18.966477	0.4872315	0.197512808461	-0.0693159696458	-36.5471945368	-2.21077249358	-0.109085259942
18.99981	0.493577	0.202229105624	-0.215689383211	-36.6170077068	-2.29803982886	-0.630270390787
19.033143	0.501466	0.18722270556	-0.464012057973	-36.7042741694	-2.29803982886	-0.460582208653
19.066476	0.5064395	0.1617832845	-0.471515333037	-36.7740873395	-2.23986160534	-2.46047864096
19.099809	0.5115845	0.152064853982	-0.377188446509	-36.8439005096	-2.42894083177	-4.75126909978
19.133142	0.516558	0.142632259656	-0.422803594919	-36.9311669722	-2.71983194934	-2.52108156315
19.166475	0.52136	0.126911269113	-0.548810976165	-37.0358867273	-2.71983194934	3.03014610956
19.199808	0.5253045	0.10290102901	-0.598475511117	-37.1231531899	-2.41439627589	5.93908637473
19.233141	0.5280485	0.0828924955916	-0.532017931972	-37.19296636	-2.18168338183	4.8845955286
19.266474	0.530621	0.0683148498152	-0.470800735412	-37.2627795301	-2.09441604655	3.56345182484
19.299807	0.532679	0.0530226135595	-0.437452846235	-37.3325927002	-2.02169326716	4.08463695568
19.33314	0.5342225	0.0371587049204	-0.358251609441	-37.4024058702	-1.83261404073	5.0421631263
19.366473	0.5349085	0.0280119467861	-0.258088842307	-37.4547657478	-1.62899025843	4.58158091765
19.399806	0.5359375	0.0230098134315	-0.236770013154	-37.5071256254	-1.52717836728	3.92706935798
19.433139	0.5366235	0.0140059733931	-0.259994435974	-37.5594855029	-1.36718825261	3.29679896719
19.466472	0.5369665	0.0030012800128	-0.215332084398	-37.594392088	-1.3090100291	3.00590494067
19.499805	0.5366235	-0.00257252572526	-0.110048034283	-37.6467519655	-1.2362872497	4.77551026866
19.533138	0.5366235	-0.0030012800128	-0.0334669887809	-37.6816585506	-1.01811891152	7.32083300068
19.566471	0.536452	-0.00314419810865	0.000238199208409	-37.7165651356	-0.727227793942	9.07831774422
19.599804	0.536452	-0.00357295239619	0.0432331563255	-37.7340184281	-0.334524785213	8.33896209349
19.633137	0.536109	-0.00128626286263	0.114335620034	-37.7340184281	-0.0872673352731	5.06640429517
19.66647	0.5362805	0.00457337906712	0.16804954153	-37.7340184281	-0.0145445558788	2.09686110781
19.699803	0.536452	0.00986134861349	0.198777239414	-37.7340184281	0	0.606029221911
19.733136	0.5366235	0.0218664686647	0.10826154022	-37.7340184281	0	0.109085259944
19.766469	0.5383385	0.0218664686647	-0.107189643782	-37.7340184281	0	0.0121205844382
19.799802	0.53851	0.00986134861349	-0.193775056037	-37.7340184281	0	0
19.833135	0.5386815	0.00471629716297	-0.152423673458	-37.7340184281	0	0
19.866468	0.538853	-0.00057167238339	-0.0800825738657	-37.7340184281	0	0
19.899801	0.53851	-0.00100042667093	0.00462106464304	-37.7340184281	0	0
19.933134	0.5386815	0.00145776457764	0.0364444788859	-37.7340184281	0	0
19.966467	0.5386815	0.00242960762941	0.0414704821833	-37.7340184281	0	0
19.9998	0.538853	0.00400170668373	0.0446385316551	-37.7340184281	0	0
Vernier Format 2
Sin título.cmbl 9/09/2025 17:40:14 .
Último 2
Tiempo	Posición	Velocidad 1	Aceleración 1	Angulo	Velocidad 2	Aceleración 2
t	x	v 1	a 1	Angulo	v 2	a 2
s	m	m/s	m/s²	rad	rad/s	rad/s²

Vernier Format 2
Sin título.cmbl 9/09/2025 17:40:14 .
Último 3
Tiempo	Posición	Velocidad 1	Aceleración 1	Angulo	Velocidad 2	Aceleración 2
t	x	v 1	a 1	Angulo	v 2	a 2
s	m	m/s	m/s²	rad	rad/s	rad/s²

Vernier Format 2
Sin título.cmbl 9/09/2025 17:40:14 .
Último 4
Tiempo	Posición	Velocidad 1	Aceleración 1	Angulo	Velocidad 2	Aceleración 2
t	x	v 1	a 1	Angulo	v 2	a 2
s	m	m/s	m/s²	rad	rad/s	rad/s²

Vernier Format 2
Sin título.cmbl 9/09/2025 17:40:14 .
Último 5
Tiempo	Posición	Velocidad 1	Aceleración 1	Angulo	Velocidad 2	Aceleración 2
t	x	v 1	a 1	Angulo	v 2	a 2
s	m	m/s	m/s²	rad	rad/s	rad/s²

Vernier Format 2
Sin título.cmbl 9/09/2025 17:40:14 .
Último 6
Tiempo	Posición	Velocidad 1	Aceleración 1	Angulo	Velocidad 2	Aceleración 2
t	x	v 1	a 1	Angulo	v 2	a 2
s	m	m/s	m/s²	rad	rad/s	rad/s²

